98.4 15.9 6.5 21.3 27.9 54.7 11.1 93.8 22.8 59.1 29.5 68.5 45.9 86.0 94.7 99.2 60.8 46.1 77.7 4.2 71.0 14.0 79.1 29.4 63.3 82.1 72.0 3.0 38.2 55.7 3.9 23.4 52.1 54.3 7.5 45.6 61.6 7.5 1.9 7.8 96.2 40.8 15.9 30.0 55.9 77.2 72.9 79.3 28.8 85.8 2.2 24.8 95.9 18.0 2.6 58.9 70.0 57.4 4.9 77.9 8.8 33.8 50.8 33.9 4.6 1.0 69.4 3.4 59.7 82.8 13.1 42.6 59.0 24.7 16.8 53.4 31.5 18.0 5.8 55.4 48.7 3.0 26.1 37.1 94.5 50.1 51.6 29.0 48.8 4.8 32.4 95.9 12.8 51.5 34.0 4.1 95.8 51.6 25.5 18.2
77.0 21.4 4.1 24.1 29.2 10.2 16.8 52.9 16.9 66.3 54.5 33.5 75.0 44.6 7.1 21.5 11.8 81.8 47.0 47.2 85.2 90.1 53.3 67.0 38.8 61.3 75.0 25.1 23.3 16.2 28.9 98.3 54.4 49.5 13.2 88.7 56.5 29.8 91.8 29.3 28.8 64.2 44.3 73.7 14.5 27.6 20.5 81.9 29.1 22.7 45.8 90.3 37.9 51.8 12.7 29.3 60.0 74.3 67.8 35.6 84.7 38.8 44.0 54.5 76.7 81.6 59.2 62.3 42.9 29.5 29.9 24.6 65.8 56.7 94.9 60.4 60.7 67.7 53.6 23.5 49.3 72.6 54.7 15.4 57.4 84.8 44.3 15.0 25.5 38.9 28.8 47.1 61.6 35.9 99.8 19.8 98.2 6.9 75.0 46.4
99.1 11.7 65.6 61.0 69.5 30.1 32.4 20.7 80.8 32.3 77.8 72.8 70.7 96.3 59.6 85.8 78.8 14.5 96.6 20.9 41.5 3.6 18.7 33.7 91.4 40.7 98.7 93.4 58.3 18.4 84.8 55.6 91.7 76.1 13.6 88.7 43.3 95.6 28.9 68.4 61.2 96.6 74.9 72.4 79.8 56.7 23.1 94.8 18.6 57.4 68.2 92.0 99.8 68.5 86.6 33.4 61.5 55.5 74.1 83.8 28.8 10.9 74.4 72.7 7.8 86.0 27.5 56.7 50.5 64.9 13.0 76.7 37.4 13.2 13.4 35.6 73.5 4.0 47.4 92.6 30.5 55.7 69.5 84.2 36.5 56.5 23.5 51.4 10.4 98.4 64.2 55.1 31.7 70.5 11.7 54.5 39.8 23.5 51.3 0.5
96.5 63.9 74.0 8.0 22.7 86.1 1.6 47.8 35.3 46.0 44.8 15.0 87.4 47.4 35.3 68.2 12.6 10.8 88.4 36.9 27.3 92.7 35.2 34.4 74.4 16.0 53.7 82.1 13.3 27.4 4.5 88.1 2.0 12.3 46.5 69.7 55.9 18.9 82.8 18.5 8.5 25.0 43.8 44.8 99.4 57.5 26.2 6.3 24.8 19.4 53.5 9.1 39.8 46.9 49.5 12.1 44.5 21.8 10.9 21.9 54.5 31.8 33.3 12.2 52.5 59.1 99.0 17.7 52.0 20.3 82.3 33.4 2.6 96.1 35.6 87.2 66.0 68.1 26.2 17.7 82.5 82.6 53.6 5.0 5.0 18.2 82.5 9.3 79.7 3.1 93.9 97.6 47.9 43.7 70.0 13.9 8.9 4.1 61.2 35.5
37.8 74.7 28.9 93.9 56.1 94.0 16.7 98.7 75.3 92.9 29.1 72.0 70.0 65.9 17.9 89.7 45.2 2.1 14.0 86.4 67.4 95.5 24.8 56.5 28.0 29.3 90.1 46.2 29.5 79.3 53.5 8.1 5.4 92.3 26.5 1.7 64.7 76.2 77.3 16.4 71.1 33.8 92.3 38.9 48.1 51.9 96.8 37.4 41.7 68.0 80.2 6.5 45.1 1.9 99.1 48.3 93.7 86.6 66.6 4.5 18.7 96.3 6.1 47.5 6.4 84.5 29.5 27.4 17.6 51.8 61.8 86.8 50.0 8.8 82.8 20.3 51.4 88.8 42.7 6.2 95.7 88.2 61.0 64.9 97.5 89.4 90.2 46.8 32.6 88.5 39.4 62.5 80.0 9.0 93.4 69.1 12.6 52.5 73.6 14.9
78.8 98.5 39.2 31.9 44.7 91.5 41.5 91.7 47.5 87.5 79.1 86.9 21.5 64.3 31.7 26.4 21.5 71.6 24.7 62.8 28.8 1.1 83.2 30.3 92.8 77.9 57.1 97.3 60.3 35.5 78.7 49.4 11.2 20.3 87.3 72.5 52.7 31.8 26.3 21.4 14.7 59.3 80.9 3.3 93.4 86.4 78.1 74.7 16.0 49.1 52.6 56.2 45.8 87.1 32.6 58.0 90.1 64.7 92.4 28.5 46.1 79.0 55.9 94.5 63.3 99.0 88.1 73.9 37.6 61.7 66.5 37.5 96.0 25.1 42.2 80.3 86.5 22.6 25.1 11.0 89.8 71.0 85.7 53.1 56.7 60.6 89.5 11.9 19.8 18.3 70.8 6.9 100.0 53.7 47.0 23.6 17.9 21.1 40.6 44.7
69.2 73.9 66.0 7.9 0.5 29.7 10.8 30.0 74.5 4.7 99.1 82.5 17.6 34.7 100.0 48.7 93.8 9.7 79.5 92.9 12.0 17.5 13.5 12.0 32.5 42.2 75.4 18.9 52.1 49.9 1.0 14.3 14.6 40.8 77.0 14.0 19.9 87.3 98.1 9.1 41.6 38.0 6.9 40.2 74.9 36.0 93.0 29.2 39.6 70.5 21.6 94.2 65.2 51.1 4.0 46.0 55.4 18.7 98.3 36.4 5.6 99.3 38.7 39.9 91.9 55.2 20.7 2.1 27.3 44.6 54.5 50.9 90.4 2.5 12.8 28.9 82.3 72.5 71.9 12.0 94.0 78.9 57.2 47.8 81.9 32.0 89.0 39.3 61.7 95.7 38.5 29.4 61.7 29.7 84.5 81.0 43.9 28.9 66.5 86.2
40.9 97.2 86.3 67.7 83.9 24.7 66.1 68.2 62.8 86.4 62.8 43.7 57.4 99.7 82.2 9.9 50.2 22.5 66.9 78.6 18.2 48.2 76.8 17.8 47.2 75.8 20.0 16.3 11.8 47.5 47.2 2.9 7.8 30.9 61.5 28.7 54.6 76.5 74.7 14.0 38.6 58.5 71.4 75.4 34.0 51.7 17.6 64.5 40.9 90.4 2.1 86.0 95.5 59.6 60.7 3.7 53.7 34.4 78.6 8.2 28.6 53.1 97.1 14.1 32.7 73.4 10.3 38.9 84.0 82.4 95.9 64.9 61.9 87.5 13.9 45.7 94.2 18.5 11.9 19.5 58.9 25.1 79.2 50.2 21.4 0.8 47.9 56.7 84.9 49.7 22.2 79.8 7.9 51.7 7.7 41.7 40.4 99.3 40.0 11.5
18.3 64.0 84.3 40.3 31.1 71.0 21.5 15.0 85.8 70.1 67.5 25.3 61.2 14.1 98.7 77.6 37.6 86.5 37.2 47.0 32.6 50.7 39.3 70.2 88.0 74.1 5.9 40.0 16.8 65.5 55.1 83.5 50.7 96.4 12.7 30.0 83.4 54.2 77.5 38.1 34.9 10.3 40.4 76.2 53.8 60.4 19.1 23.2 5.0 15.5 27.3 81.5 31.0 32.2 67.6 27.0 52.0 29.1 83.8 11.5 88.5 76.7 95.2 3.1 98.0 4.9 17.2 25.7 59.9 78.0 6.2 76.4 91.3 90.9 75.8 2.2 66.4 58.6 51.5 12.3 9.3 0.4 1.0 81.6 80.3 89.1 98.7 45.4 8.1 3.3 12.0 69.5 17.7 70.5 71.9 1.0 14.5 6.6 60.9 74.6
27.6 21.5 13.6 82.3 95.9 2.8 59.7 48.6 72.1 54.8 86.0 67.9 55.9 83.1 98.2 43.7 65.6 61.9 78.9 52.0 38.3 12.7 44.6 7.8 33.0 27.4 8.7 61.5 79.1 44.6 55.9 50.9 65.6 12.2 59.2 16.4 19.3 73.2 10.9 75.8 67.7 98.0 13.1 90.2 12.8 78.8 42.4 9.9 93.3 51.4 22.5 76.0 88.4 72.9 91.6 89.4 41.4 46.8 98.5 89.9 12.2 46.6 10.8 2.4 75.8 68.9 43.9 89.2 12.5 91.1 22.7 11.7 85.3 3.2 88.6 60.3 12.3 52.9 78.0 72.5 80.1 10.8 48.9 73.3 71.5 38.7 68.3 47.6 71.5 31.3 76.1 95.5 56.9 76.3 88.3 78.2 77.3 34.3 99.7 5.3
60.1 4.8 3.0 76.5 37.8 48.2 42.6 19.4 47.8 90.1 79.0 86.3 97.1 80.5 60.5 3.7 67.8 59.9 83.8 74.3 64.4 20.5 46.2 75.2 46.2 76.7 47.1 29.5 95.3 93.9 42.0 55.9 37.9 18.4 90.4 30.2 27.4 95.1 88.0 67.0 19.0 62.0 3.7 71.8 41.3 91.1 28.4 64.3 30.8 70.1 25.8 26.3 14.6 69.5 46.7 99.7 39.1 81.7 68.8 13.9 64.7 67.0 61.7 36.7 40.9 33.4 63.1 92.5 68.2 82.7 71.2 94.8 51.7 77.0 94.5 30.2 70.5 91.9 31.0 87.8 86.6 79.8 61.0 52.3 67.8 24.1 58.6 64.4 21.2 14.5 58.2 84.7 31.0 68.4 2.8 54.4 20.4 76.0 27.6 40.2
92.5 69.5 28.4 64.3 90.5 52.3 57.4 61.1 34.6 45.7 43.3 98.7 50.3 13.0 6.3 32.0 44.1 85.8 5.2 42.8 94.3 61.5 5.2 48.7 33.3 37.5 88.2 56.2 20.8 22.8 91.6 75.3 40.3 30.9 65.8 71.9 29.9 12.7 8.2 97.7 26.0 45.9 8.3 71.9 56.0 36.6 35.9 44.1 6.9 92.6 47.0 36.4 9.9 74.2 13.4 4.4 89.6 11.0 49.5 3.9 67.2 28.1 64.2 4.4 49.3 24.4 16.4 13.2 87.4 68.6 20.1 10.8 72.6 91.2 66.0 97.1 20.7 4.8 55.8 8.6 36.6 27.3 25.1 3.8 64.5 16.5 38.1 63.7 11.5 41.1 30.9 95.5 92.4 89.5 57.4 21.6 10.7 87.6 23.9 49.5
94.0 44.5 61.8 43.8 95.2 98.8 67.1 18.8 79.8 30.4 22.0 15.0 58.7 40.7 71.4 60.6 85.8 94.5 35.1 19.3 61.4 14.2 39.2 8.7 23.7 77.5 24.7 63.4 72.7 65.6 96.0 46.6 18.8 69.0 36.5 51.9 59.8 15.2 63.9 25.0 20.2 34.5 35.5 91.0 19.1 23.2 67.0 21.6 63.4 16.4 40.4 63.5 52.7 75.9 60.6 81.4 40.2 53.7 94.4 7.7 62.5 45.4 8.2 84.8 85.8 97.4 16.5 84.1 39.9 43.1 25.6 27.8 33.9 94.4 11.6 58.0 10.6 40.5 64.7 21.5 80.3 72.6 63.9 99.4 60.7 26.0 59.8 77.1 53.4 77.7 19.9 80.3 46.5 14.3 9.5 69.3 87.5 73.6 47.0 47.3
21.2 45.1 5.5 60.6 27.0 70.7 86.9 27.9 0.3 56.1 71.5 35.3 79.4 61.5 39.0 96.1 93.2 91.8 6.6 80.0 43.0 29.2 32.8 87.3 15.1 9.2 82.1 39.2 15.1 94.1 90.6 89.5 37.1 99.4 96.4 42.1 57.9 59.6 41.1 30.7 70.6 81.3 66.7 27.1 91.8 72.6 58.5 99.3 79.3 59.9 49.3 52.5 34.1 17.1 54.9 18.2 81.7 90.9 26.9 3.5 94.9 43.1 40.2 26.9 12.6 52.3 82.8 12.9 24.4 69.7 62.9 10.9 28.1 71.9 18.0 86.0 34.1 25.4 54.5 47.3 17.7 99.9 11.9 61.5 99.5 49.5 12.2 40.6 75.6 96.9 27.0 97.3 64.0 15.1 66.4 65.2 3.6 81.2 68.9 47.6
2.1 80.5 21.9 5.9 6.0 89.0 99.7 9.3 47.0 98.9 54.6 37.6 45.5 68.7 10.3 96.1 3.8 23.4 62.3 72.3 61.5 76.5 74.5 92.8 5.9 22.6 28.1 26.3 19.8 32.2 77.7 81.8 82.6 41.2 69.4 18.7 27.3 10.0 40.0 85.4 72.9 90.8 61.9 2.0 2.8 63.1 80.1 86.3 76.5 71.9 71.5 25.4 94.2 95.2 60.1 29.5 30.9 67.1 12.7 4.8 91.0 44.4 58.1 77.8 97.5 31.2 49.1 44.6 35.0 26.4 10.4 50.2 75.3 15.2 41.7 27.9 86.0 52.9 3.7 73.5 11.7 73.4 8.3 11.8 32.1 53.7 88.0 39.0 35.2 67.0 79.4 21.7 46.0 51.4 2.1 47.2 96.3 7.7 6.2 51.1
76.1 20.1 17.5 3.4 73.9 18.4 67.3 2.3 93.6 76.3 28.4 57.2 50.0 7.2 94.6 11.9 59.0 66.2 85.1 81.3 9.8 82.9 34.6 15.6 48.9 34.5 69.0 60.6 80.2 19.5 13.0 14.0 81.6 75.4 79.2 41.2 74.6 70.9 87.9 14.6 38.3 53.6 24.7 81.6 4.5 55.5 49.0 45.3 60.5 47.8 82.5 14.8 81.9 99.0 48.9 11.6 93.4 33.5 37.3 67.5 13.6 92.9 22.2 91.6 88.0 90.7 71.0 30.7 56.1 53.8 19.2 91.1 46.1 16.8 28.0 76.4 48.0 36.8 4.7 21.6 30.1 72.1 23.5 74.7 13.6 44.7 79.7 53.7 60.5 13.2 72.7 45.0 4.3 90.6 76.2 90.1 99.5 88.6 73.9 7.1
51.8 94.5 26.9 60.3 65.3 31.4 75.7 84.2 62.7 44.1 64.5 59.7 99.7 99.5 29.1 2.3 36.3 41.1 3.8 9.4 83.0 76.6 34.9 8.8 39.6 92.3 69.1 70.2 22.5 58.9 60.6 92.9 56.6 10.6 5.0 54.2 85.1 93.7 45.8 46.9 66.9 79.6 32.0 41.0 30.8 36.1 1.9 88.8 3.9 49.3 34.9 99.4 15.6 81.1 15.4 80.6 58.7 39.4 30.4 69.2 35.5 76.1 47.9 14.3 86.1 47.9 12.0 93.5 69.5 99.2 15.1 8.0 82.8 31.3 53.3 27.6 42.3 81.8 27.5 75.9 50.0 35.1 4.2 73.2 21.5 32.7 20.4 99.1 45.5 15.3 6.8 67.4 18.7 60.6 90.8 34.2 80.6 25.6 37.4 10.5
86.4 57.3 62.0 41.3 35.6 44.5 44.4 66.4 22.2 67.4 93.8 63.2 98.4 66.3 30.5 95.6 44.2 92.4 71.2 90.5 63.3 2.2 58.6 66.9 30.8 93.8 67.6 30.2 28.7 4.8 90.3 81.2 72.7 10.7 95.6 4.7 42.6 19.8 70.6 87.5 39.1 44.1 32.9 84.0 97.6 19.1 48.6 61.1 90.6 96.9 85.2 72.2 65.0 40.3 32.6 14.0 4.2 61.1 19.1 86.3 33.7 39.5 90.3 92.0 4.9 77.0 22.7 7.4 65.7 88.2 37.9 12.0 88.7 97.4 30.7 55.5 27.8 7.6 3.0 17.5 48.7 89.2 1.2 73.8 9.0 55.5 58.3 74.0 23.4 12.6 18.3 13.9 89.9 92.0 92.5 48.4 94.7 55.1 62.1 29.2
72.0 40.0 83.3 97.1 82.2 44.5 20.7 59.2 29.9 16.9 69.0 31.1 19.1 44.9 10.1 84.4 44.3 5.8 26.7 65.0 15.0 38.0 65.6 49.3 67.1 12.1 76.8 67.0 96.8 12.8 85.1 33.8 44.1 69.4 6.7 90.1 0.3 89.6 44.8 99.5 28.5 51.2 91.2 78.8 66.7 78.8 65.4 12.7 99.3 64.4 61.5 53.7 36.0 14.2 88.7 67.8 71.4 67.7 51.4 66.4 50.1 76.8 47.0 62.6 61.3 45.1 33.5 42.9 14.1 7.6 35.1 25.2 28.1 10.1 74.7 87.1 81.5 65.4 26.4 74.9 2.1 81.8 1.8 96.7 32.1 29.5 71.8 91.8 32.3 91.4 85.8 15.9 78.9 3.4 94.8 28.8 45.8 4.5 40.6 78.9
71.8 87.8 66.3 80.7 88.2 10.9 75.8 80.4 44.0 15.5 73.1 13.1 19.1 71.0 72.8 8.4 49.0 71.0 4.5 48.0 13.8 43.1 79.4 4.3 89.5 66.9 99.9 19.3 59.9 83.3 93.9 69.2 34.6 89.9 21.3 18.0 13.5 42.4 97.9 39.3 14.9 20.6 13.0 17.4 36.1 8.6 61.0 7.7 88.3 36.5 3.2 24.1 71.2 48.1 73.6 9.3 75.8 56.6 72.6 71.1 98.7 79.6 90.1 80.0 29.1 7.3 61.4 25.0 14.0 24.5 83.1 90.0 35.8 42.3 60.9 21.2 34.9 32.6 96.0 57.0 59.3 6.7 2.7 13.3 3.4 31.7 81.9 86.0 84.5 36.9 41.1 39.8 84.4 43.6 59.0 74.3 12.1 3.9 29.7 5.9
25.8 40.2 7.4 4.4 35.9 41.6 44.7 85.0 56.1 58.6 3.3 80.6 21.4 62.5 55.5 38.6 13.4 41.5 93.2 38.9 18.8 51.1 28.6 19.9 99.8 89.4 48.2 96.4 96.0 44.3 4.6 71.6 35.9 32.1 85.6 31.1 93.5 29.5 5.8 46.7 73.6 96.5 18.1 66.1 53.1 65.5 74.4 45.3 24.0 25.4 34.4 23.9 18.6 35.4 34.4 42.5 83.8 45.6 42.7 51.7 85.4 65.0 30.6 91.2 50.7 25.0 72.9 5.5 33.9 22.5 16.9 30.0 90.7 79.6 60.5 99.4 47.9 21.7 23.6 93.8 0.0 16.6 42.2 7.9 86.8 2.5 92.7 90.4 60.7 58.5 5.4 69.9 90.3 28.9 74.8 30.6 87.9 86.7 1.4 44.4
11.2 40.4 85.6 88.6 25.7 64.5 22.3 21.6 15.4 61.0 70.9 8.4 78.6 8.5 15.9 58.0 3.2 80.6 95.1 15.8 61.9 3.7 65.9 76.9 74.8 19.6 41.0 22.2 81.6 22.8 37.9 2.6 35.7 52.4 79.6 86.8 89.7 96.5 71.8 93.2 13.0 98.9 93.1 39.9 53.1 51.6 35.8 20.1 34.7 62.7 66.4 78.5 41.2 8.1 90.7 79.9 1.2 10.4 53.2 55.7 70.1 85.1 35.8 49.0 29.6 29.5 80.2 7.2 79.5 18.9 98.7 56.4 5.8 42.6 3.9 7.5 58.4 49.1 56.0 77.6 31.7 90.4 29.9 23.5 93.0 21.3 95.0 65.9 29.4 11.4 57.2 69.7 51.6 82.0 10.7 42.7 70.9 6.2 85.3 84.6
56.4 11.4 33.4 13.3 27.3 63.8 60.0 72.8 74.0 2.4 18.5 46.9 43.4 65.3 42.4 67.8 89.4 53.9 63.5 70.2 81.3 16.4 83.9 62.4 65.9 86.3 94.3 51.6 34.4 0.8 92.0 0.0 2.8 29.3 69.2 77.5 73.9 60.7 52.1 8.9 59.9 3.1 78.2 59.7 44.5 90.1 34.7 93.5 24.1 7.9 68.6 17.7 37.6 25.2 20.8 23.7 6.2 36.5 85.1 65.2 45.6 46.4 45.1 13.7 86.2 70.9 46.8 97.6 34.9 41.5 1.5 71.1 16.9 52.0 18.7 49.7 48.9 99.2 83.3 6.8 15.8 65.5 5.4 84.3 97.9 13.7 36.8 50.3 24.2 38.9 55.6 55.4 78.5 59.3 96.0 34.9 81.8 12.2 48.4 13.3
24.1 92.3 45.8 64.4 55.8 35.9 65.3 25.6 23.1 70.9 74.8 53.4 4.9 48.8 36.2 1.4 14.0 2.9 23.3 86.2 13.1 38.8 13.3 76.0 51.5 74.2 51.6 53.4 15.7 57.1 17.2 58.5 47.7 65.2 27.0 69.3 68.9 43.9 51.9 41.3 30.8 77.6 86.6 67.9 98.0 44.1 84.5 61.0 5.3 2.1 24.6 84.9 90.8 41.0 16.7 88.1 78.9 59.8 53.5 93.6 78.6 97.9 58.5 49.1 60.3 40.3 85.7 49.8 85.5 15.7 5.4 44.1 33.1 45.8 90.0 30.0 30.2 75.3 11.9 67.8 22.7 54.5 37.7 49.7 10.6 31.1 55.0 85.0 55.7 39.9 22.5 80.9 71.7 13.4 86.7 26.0 55.1 23.9 73.4 84.2
37.3 43.4 81.2 54.4 95.3 60.6 42.2 13.2 48.1 18.8 52.3 71.2 11.7 8.7 27.0 52.4 67.3 66.1 95.4 45.4 65.6 60.8 53.1 51.7 96.7 34.7 89.2 96.4 11.6 81.1 70.6 73.6 91.7 21.5 50.3 97.1 50.7 95.1 20.1 91.9 73.8 17.2 44.7 35.6 17.8 60.2 55.7 41.3 92.1 91.2 21.0 30.6 9.0 62.9 76.8 67.0 12.9 6.4 37.7 3.7 42.9 83.7 54.1 97.4 10.9 40.0 9.8 37.6 89.9 32.6 33.0 22.3 22.2 96.5 45.1 15.6 8.1 53.3 69.2 75.0 82.3 13.6 55.5 45.5 34.7 53.9 57.6 6.5 30.3 85.1 5.8 16.3 47.3 92.8 50.5 96.3 28.4 53.9 67.0 57.8
85.8 87.0 77.7 29.2 37.3 25.5 39.2 6.3 36.1 64.4 42.5 58.3 58.8 28.1 38.1 98.4 17.9 55.6 77.2 31.9 7.4 42.7 58.9 87.2 6.9 60.1 2.7 89.5 28.2 20.8 70.9 49.8 50.5 26.7 27.6 78.3 61.0 53.4 74.2 94.5 68.0 58.8 62.5 20.3 31.2 84.9 49.4 4.9 40.7 1.0 81.5 48.7 84.6 55.5 47.1 37.9 32.3 38.2 4.9 49.5 61.9 57.2 9.5 22.9 74.9 8.7 48.0 62.0 87.2 31.1 48.4 47.8 92.5 80.9 15.2 45.9 69.3 66.1 3.7 48.3 65.4 10.1 0.6 78.8 7.9 31.7 3.8 70.7 70.1 94.9 85.7 71.9 44.4 11.5 26.9 32.0 15.5 95.9 66.4 31.4
36.0 18.9 96.5 74.0 98.1 52.0 47.6 28.6 34.0 32.8 16.3 67.5 68.7 36.5 93.3 91.7 58.0 18.4 50.5 87.1 89.6 82.7 3.1 10.5 56.9 53.3 34.9 20.3 55.3 87.5 59.0 18.9 15.2 21.3 50.3 37.4 89.4 9.1 44.6 68.0 24.9 63.1 67.7 53.5 10.7 31.9 9.0 52.6 87.1 59.4 57.3 77.5 37.6 94.9 73.4 83.4 80.3 3.1 73.4 79.1 24.7 82.3 80.5 95.7 12.0 69.0 70.5 62.0 17.9 2.6 65.1 88.2 97.8 74.8 46.0 96.1 78.5 57.4 35.4 69.7 20.2 12.4 55.1 57.8 51.6 90.8 22.4 81.2 90.5 52.0 16.9 70.1 3.9 26.2 2.5 27.7 3.9 30.0 42.3 26.9
35.1 69.6 26.7 52.3 87.3 88.5 67.9 17.4 70.3 91.7 7.2 70.0 23.6 66.4 47.4 92.1 87.1 80.8 52.0 71.5 69.0 64.5 1.7 80.6 47.5 99.5 54.2 39.2 3.9 17.0 31.8 11.5 92.9 38.8 95.5 32.9 50.1 63.5 0.7 85.3 89.1 85.8 68.0 40.1 17.0 93.8 47.0 7.7 14.3 37.1 8.7 45.6 52.4 52.1 77.9 73.7 10.0 52.1 21.5 13.2 49.3 57.6 73.6 96.3 39.8 86.0 48.8 27.7 62.5 7.3 25.2 40.8 1.5 47.1 15.5 51.2 98.6 52.2 7.1 35.3 87.5 79.1 55.1 79.5 32.5 35.9 65.2 15.5 20.4 18.2 53.1 57.1 31.2 84.0 58.9 77.7 52.7 58.6 0.5 55.6
84.5 87.7 97.8 29.0 56.2 29.5 15.2 67.9 77.1 78.6 40.7 88.1 98.4 17.2 58.9 50.6 59.4 32.4 76.5 0.2 27.7 35.8 93.4 50.9 8.3 76.0 1.3 38.6 33.4 84.1 86.4 46.0 94.0 2.2 64.9 39.8 0.2 56.4 95.0 38.1 95.1 37.3 73.6 11.9 32.9 81.5 32.0 54.5 0.2 5.8 20.8 92.3 31.5 20.8 71.4 8.7 96.3 68.9 53.4 44.5 40.9 4.2 93.0 37.7 69.8 21.3 71.5 98.5 42.4 12.8 29.8 86.0 24.8 79.0 47.8 9.0 11.7 51.8 7.6 25.0 48.7 66.5 44.6 58.4 94.9 97.5 17.0 46.0 10.2 47.0 12.6 27.1 48.7 70.7 51.7 0.4 47.7 88.4 30.2 0.1
18.8 88.9 98.8 73.7 68.3 89.0 73.6 49.2 93.5 3.6 21.0 47.2 95.1 55.9 59.5 32.9 12.0 5.5 16.8 16.2 17.1 22.1 52.8 60.3 75.8 95.0 56.0 27.1 15.3 81.7 96.5 96.7 41.2 16.0 17.7 7.0 81.8 74.0 22.0 10.6 71.0 52.0 29.3 22.0 6.7 65.1 79.0 52.4 80.3 28.1 9.0 81.5 5.9 16.4 20.4 55.4 27.3 32.6 68.9 57.3 74.7 27.0 3.0 57.5 96.7 61.1 15.7 70.1 74.7 74.6 65.9 91.5 1.8 86.5 91.1 4.9 3.6 97.0 29.4 64.7 52.7 8.7 89.1 21.4 54.6 35.9 16.2 48.2 31.4 90.5 11.3 64.1 17.5 17.7 37.6 20.3 29.3 30.0 58.2 64.0
20.9 92.9 38.9 54.2 52.1 26.3 94.0 98.2 72.3 97.1 18.7 84.8 22.5 15.4 38.3 73.0 67.7 80.0 25.1 88.5 33.8 82.5 20.9 9.6 1.8 34.2 79.8 47.9 81.7 18.5 87.0 84.4 10.7 54.1 97.1 58.1 62.3 86.5 97.6 43.0 55.4 83.6 13.2 5.8 90.2 24.8 58.4 14.2 53.4 80.6 58.8 85.4 84.3 35.7 52.3 24.6 81.2 46.1 34.0 8.8 34.5 48.4 4.6 61.8 47.1 70.9 92.6 54.9 58.8 39.0 71.8 44.1 39.0 32.6 36.6 42.2 87.8 2.6 38.8 83.9 14.3 23.0 74.4 81.8 15.4 27.9 92.2 63.2 68.0 62.3 53.4 14.9 40.9 6.7 58.1 87.7 35.6 3.1 57.8 12.4
16.0 71.2 79.0 55.5 85.0 2.6 5.2 12.0 44.6 11.2 49.6 66.1 43.2 35.9 79.8 34.1 60.5 31.5 67.0 44.0 9.9 9.2 77.5 58.2 43.4 49.2 42.0 88.6 70.6 77.1 32.6 66.3 10.6 12.8 97.8 64.7 43.5 78.0 54.5 40.9 6.3 0.3 68.9 26.4 0.6 57.9 25.6 19.0 32.6 73.9 99.7 54.2 38.6 5.5 30.1 98.7 79.7 87.0 2.2 56.5 15.4 35.9 96.4 19.6 81.4 26.2 76.6 70.2 70.9 64.5 68.8 8.3 92.7 88.6 91.7 27.4 23.1 49.0 62.7 71.5 54.0 10.1 8.3 13.5 8.2 20.9 29.8 36.7 53.6 58.5 72.5 68.6 7.6 29.2 44.0 5.9 51.9 17.6 62.8 13.0
93.8 77.5 67.6 90.9 72.8 0.2 45.9 54.7 29.8 35.0 86.0 64.4 17.6 53.2 70.5 82.3 20.7 63.9 41.9 65.2 4.8 44.5 85.9 85.5 83.8 81.5 2.9 96.5 68.0 17.4 79.2 15.1 21.4 39.2 39.0 96.6 21.5 59.6 87.6 16.9 92.1 69.2 11.8 69.7 11.6 96.1 75.0 88.0 2.2 10.7 28.8 86.9 99.5 56.3 39.4 23.0 7.0 13.9 4.1 86.9 8.9 80.8 79.8 35.1 69.5 97.4 30.4 39.9 11.7 18.2 53.6 57.6 29.5 20.4 67.9 25.6 84.1 67.6 60.3 37.5 13.1 31.6 37.7 6.4 61.7 86.4 15.4 33.5 35.1 21.8 95.5 60.2 55.6 29.3 96.5 65.5 8.2 80.0 84.1 79.4
1.7 69.8 90.7 91.5 7.0 54.3 61.8 70.5 67.7 69.8 10.6 51.6 42.9 95.6 23.3 65.4 25.7 9.8 39.0 22.5 58.4 22.4 49.9 4.0 73.3 9.9 1.3 35.1 85.5 33.3 82.5 49.0 37.2 14.6 10.8 77.3 66.3 17.3 44.3 74.3 49.2 94.1 42.4 94.4 22.2 99.1 89.0 56.0 33.8 28.9 19.5 86.6 72.0 86.4 86.4 74.6 6.6 77.1 62.3 27.4 24.3 94.8 58.3 79.8 35.7 34.3 40.6 53.2 40.8 10.5 0.3 10.7 87.3 6.7 15.9 22.7 5.7 45.0 35.1 8.2 56.7 60.7 96.0 16.7 15.3 44.1 80.7 45.7 82.9 65.2 29.6 63.6 14.6 93.4 40.5 42.7 64.0 32.2 95.6 15.0
5.9 43.6 21.2 16.0 56.6 13.3 7.9 14.3 59.9 3.5 11.9 24.2 68.1 12.4 25.3 90.6 99.2 19.1 23.1 1.4 12.6 85.2 35.6 29.4 97.3 6.8 44.2 43.8 76.0 40.3 27.3 39.4 23.8 82.8 5.5 96.8 59.6 39.2 84.6 59.3 50.6 23.1 54.5 37.7 8.0 45.5 70.6 44.7 55.7 25.0 92.3 63.3 27.5 57.3 10.0 95.1 37.0 26.3 80.5 72.7 85.7 72.6 16.3 80.4 19.1 74.0 66.9 48.0 83.8 80.4 38.9 41.0 78.9 66.6 83.5 88.5 72.9 98.0 78.1 95.5 71.1 27.9 90.4 84.0 1.9 3.9 68.9 5.0 8.1 89.1 59.2 1.2 22.8 55.8 42.0 40.5 66.9 22.7 9.0 11.7
23.9 1.5 21.6 61.9 24.9 65.4 57.7 40.9 71.9 5.4 51.0 10.9 5.9 17.2 39.3 59.4 57.2 13.1 37.5 25.6 12.0 96.9 3.6 52.4 92.7 90.0 17.9 85.0 40.0 21.1 6.7 89.9 12.8 7.4 69.6 69.5 35.1 39.0 69.9 65.0 73.1 76.4 98.3 8.2 57.0 93.8 14.0 7.9 33.9 74.2 51.6 2.3 18.1 83.6 88.4 61.4 92.8 58.2 52.0 27.4 65.0 72.7 19.2 58.2 19.7 52.2 8.5 7.8 93.8 31.9 26.0 26.0 55.3 42.1 39.8 36.4 75.6 54.3 76.8 6.5 57.4 3.2 4.0 8.7 47.8 91.1 12.1 71.0 1.6 80.3 34.6 12.6 95.3 42.5 28.2 24.6 96.5 98.2 57.8 7.5
48.5 89.1 26.6 63.1 45.1 71.5 14.6 6.8 55.6 1.8 91.1 88.0 15.3 85.9 12.7 77.6 21.7 25.9 1.1 51.6 47.4 21.6 61.6 91.0 4.0 5.6 38.4 30.1 96.6 52.6 78.1 15.1 30.0 1.3 78.0 27.9 34.7 12.3 13.7 73.1 20.8 95.4 26.1 71.8 88.7 31.1 92.1 71.8 21.8 59.9 64.5 98.8 28.8 5.4 36.4 54.3 93.4 69.0 7.8 81.1 14.7 8.0 45.6 5.1 89.0 84.3 89.5 91.1 14.5 64.5 43.8 14.8 2.4 38.5 70.1 92.6 53.3 14.4 84.4 99.4 19.7 52.1 12.8 71.7 18.4 16.5 83.8 30.1 73.9 44.3 37.0 94.5 21.8 3.7 83.7 47.3 5.7 42.4 76.1 76.7
7.2 67.6 83.1 88.1 6.8 67.3 52.7 8.2 67.1 68.1 19.2 82.1 83.7 19.0 7.0 14.6 28.9 26.8 77.0 2.5 96.2 7.3 42.4 6.0 14.6 87.6 27.0 81.9 11.9 50.2 82.2 11.4 14.2 92.1 25.2 4.8 19.0 68.0 92.6 49.1 90.1 40.4 28.6 42.5 84.8 62.8 91.5 8.4 58.9 91.6 18.4 2.2 28.5 27.8 64.5 25.4 64.9 48.3 98.3 74.3 94.7 41.2 48.8 51.0 16.5 64.4 99.9 72.0 74.4 59.3 28.6 27.5 31.6 50.1 19.3 33.1 34.5 46.1 32.2 14.4 25.1 74.5 45.1 84.0 52.6 42.4 84.9 66.3 11.7 24.3 55.3 91.9 26.3 8.8 11.9 57.1 74.0 83.0 13.4 23.2
31.0 43.3 95.9 36.4 6.5 60.7 29.3 46.7 14.1 55.5 5.8 43.4 41.3 22.0 94.6 28.5 40.2 67.8 33.3 27.8 60.4 90.0 19.1 9.7 97.5 40.7 57.0 77.4 58.0 38.4 89.4 11.6 40.3 20.4 98.2 96.4 12.8 89.1 23.9 15.0 98.0 37.4 54.9 77.9 18.1 33.5 50.6 37.0 33.7 41.0 8.2 78.5 6.8 33.8 79.5 17.7 90.7 30.0 14.8 30.0 75.3 18.7 19.8 92.8 69.1 51.4 91.9 49.7 49.6 75.2 19.5 15.3 91.8 28.5 50.1 89.5 18.1 87.1 70.5 77.6 16.9 57.8 7.9 51.5 82.8 52.4 69.2 50.4 53.5 88.3 53.2 55.4 20.6 57.0 28.9 11.1 97.1 4.5 8.6 49.0
74.0 27.6 90.5 36.9 35.5 75.0 6.8 60.1 63.6 2.9 11.8 45.5 64.2 66.9 64.0 12.5 20.1 63.3 80.1 69.3 63.2 82.4 14.4 70.6 82.2 86.0 82.4 69.9 84.8 37.0 93.3 28.0 49.4 63.2 9.8 16.5 93.3 54.2 27.1 11.1 81.8 58.4 19.4 16.6 92.5 17.6 2.3 35.7 68.5 4.3 64.9 25.4 15.6 93.6 7.2 87.2 95.4 82.7 24.7 21.0 96.1 90.1 51.4 72.4 74.2 73.3 90.5 39.4 81.4 84.1 8.1 84.5 14.3 90.3 82.9 12.5 19.0 82.3 27.3 68.7 64.7 38.4 10.3 61.4 45.3 41.9 0.5 70.4 21.4 5.6 25.0 34.7 47.4 1.1 61.4 91.9 0.7 19.3 94.3 50.9
97.8 62.8 11.5 84.9 34.4 7.9 70.7 30.3 96.2 10.4 58.4 47.1 10.8 82.3 47.8 64.4 34.3 42.6 76.3 44.6 78.2 65.5 10.3 33.1 52.5 53.5 8.1 48.7 26.7 45.8 84.6 43.3 8.7 53.0 24.7 40.0 72.9 64.3 88.2 36.4 5.1 73.4 33.9 39.0 42.3 98.5 14.0 75.4 37.0 91.9 11.6 67.8 5.2 16.7 83.9 17.7 39.5 43.9 68.4 82.7 30.1 61.0 76.3 76.5 10.7 78.5 47.4 73.3 89.0 95.3 27.9 10.9 20.5 44.5 6.1 77.6 51.7 85.6 0.6 91.4 0.0 97.1 89.1 71.3 14.4 58.4 76.2 87.2 26.3 12.6 47.5 31.9 54.1 23.4 63.1 65.9 5.2 34.9 25.9 49.2
41.7 6.6 80.2 100.0 22.3 20.9 56.1 20.6 68.3 7.4 31.0 7.1 73.8 16.2 0.5 43.5 95.1 46.0 93.4 69.8 23.2 8.4 22.5 8.3 39.9 39.0 2.7 46.2 80.9 19.1 38.5 52.5 31.3 79.0 51.4 58.2 54.1 32.8 84.9 69.2 19.8 35.4 43.0 30.9 99.8 15.1 97.9 83.4 45.1 46.1 4.8 57.5 12.9 0.8 8.8 19.7 57.8 16.3 61.6 77.3 41.0 9.6 93.2 44.7 21.8 3.3 45.0 67.6 70.0 71.6 54.3 44.1 46.3 85.4 23.5 59.4 92.8 72.9 91.5 46.9 62.1 3.2 12.4 35.6 32.0 5.0 75.7 8.7 35.4 70.5 7.3 22.0 7.1 40.7 9.8 93.4 23.5 24.2 69.0 54.3
11.3 42.9 79.9 12.5 7.8 40.3 5.9 81.2 22.2 93.6 76.2 60.9 75.7 3.8 97.9 87.1 54.2 34.3 84.6 82.9 6.3 14.4 54.7 86.3 27.9 36.3 86.5 17.0 11.7 87.6 62.8 51.6 70.5 32.2 37.9 60.6 55.7 15.1 62.7 62.1 93.0 37.3 56.6 1.9 20.7 48.5 71.0 31.2 72.0 40.7 86.1 7.0 32.6 36.6 86.1 82.0 89.1 88.9 93.1 0.2 84.5 40.6 30.9 60.7 64.8 75.2 77.0 65.2 43.6 41.8 44.4 27.1 65.4 67.3 37.4 47.5 19.9 26.9 50.3 12.1 2.9 35.8 95.9 12.7 1.7 83.4 5.4 23.3 49.3 84.1 8.5 41.8 76.5 16.7 1.1 47.0 40.2 87.0 91.7 62.1
7.0 60.5 8.3 75.7 57.9 63.1 92.0 38.6 84.7 13.7 40.4 89.2 84.8 60.4 82.6 53.2 92.8 8.4 29.3 14.9 42.6 88.4 95.1 0.7 0.6 34.3 35.2 89.8 29.2 19.7 45.8 78.8 37.3 84.6 65.6 96.0 76.0 8.3 59.3 82.2 19.6 73.5 98.0 64.4 50.2 70.1 47.6 87.4 53.9 97.5 10.6 51.6 6.0 59.3 94.2 87.1 48.2 27.1 87.7 86.7 27.9 96.6 83.8 36.8 20.8 23.5 97.2 54.9 74.7 81.0 18.2 20.4 11.4 37.3 93.2 76.0 43.5 62.7 52.6 54.7 19.6 6.1 9.7 16.1 93.0 79.5 44.8 89.2 13.3 71.5 61.3 45.2 49.3 38.0 19.3 1.1 36.0 0.9 82.1 62.1
33.0 65.5 22.6 27.5 40.9 77.9 78.4 49.3 77.8 10.5 29.2 96.5 42.6 14.5 51.4 41.2 25.5 50.2 48.0 46.8 80.9 1.1 30.0 54.9 85.5 92.7 28.0 0.4 22.3 50.4 95.5 29.1 9.2 76.0 9.0 7.6 44.5 18.2 7.7 61.6 50.7 5.6 90.7 31.2 47.4 40.1 30.5 84.5 84.2 94.7 96.9 99.4 57.0 17.0 28.7 37.8 95.1 9.7 33.0 53.7 45.6 84.9 42.4 17.8 13.9 36.5 13.1 85.2 69.1 74.0 48.8 91.6 4.7 5.5 97.0 48.0 95.2 44.4 56.4 97.5 3.3 96.7 49.2 44.2 56.6 14.6 58.7 17.1 4.2 68.0 55.5 78.0 0.8 63.3 34.0 19.7 58.1 34.1 68.5 81.6
3.3 25.5 8.5 81.9 21.4 50.7 45.5 67.9 83.4 24.6 43.1 71.9 88.1 47.0 18.5 51.1 36.8 6.9 98.0 55.8 89.2 58.7 63.2 67.4 79.2 73.5 84.2 67.7 16.1 68.1 0.8 97.7 1.2 87.5 35.7 82.6 98.9 64.5 1.7 47.0 99.9 5.9 19.2 0.7 35.0 33.3 99.5 4.0 67.7 74.6 68.0 35.1 71.7 11.8 1.3 36.5 13.6 22.8 47.5 58.8 34.1 99.3 80.4 44.3 23.7 13.4 88.8 22.1 31.9 17.3 9.3 63.3 5.6 57.4 36.8 71.0 78.9 97.0 98.2 54.6 40.3 50.5 57.5 80.0 18.4 93.0 98.2 69.0 46.3 73.7 13.3 78.9 56.4 97.0 11.6 55.8 49.0 51.0 15.1 20.8
36.9 75.0 4.5 27.5 23.4 34.4 92.0 12.6 66.0 32.0 90.4 16.9 8.1 21.2 62.6 30.5 43.6 88.5 82.7 14.2 37.5 17.4 63.6 59.3 45.8 61.1 51.6 20.9 37.4 19.7 92.4 50.3 8.8 25.3 5.4 68.9 16.1 49.1 3.2 94.8 9.9 63.7 18.2 39.5 7.8 90.1 78.5 50.2 49.7 30.7 18.8 52.6 28.7 49.8 14.9 5.3 68.8 98.3 87.5 4.9 82.0 2.1 22.0 72.6 40.3 59.4 42.2 55.4 69.5 66.9 20.2 90.8 39.6 97.5 79.1 49.8 57.3 72.4 51.9 88.3 42.1 35.0 12.7 36.0 16.2 86.0 8.4 29.9 93.2 89.7 59.1 65.9 59.8 98.5 25.5 9.9 86.5 11.6 31.2 38.9
44.0 70.9 12.4 74.8 59.8 98.9 61.8 22.6 37.8 33.7 49.6 35.0 70.2 84.8 65.7 37.9 37.5 44.8 35.4 73.1 67.2 2.1 54.1 22.0 96.4 30.5 97.2 34.6 12.4 86.3 30.8 80.4 6.9 78.5 68.4 89.3 67.3 31.8 33.1 18.3 18.8 29.4 26.6 18.3 98.9 14.6 70.5 31.0 97.5 2.8 91.4 48.0 37.5 16.0 42.6 72.7 14.6 59.6 45.3 65.2 93.6 38.0 29.0 50.2 76.3 20.3 6.0 80.5 42.5 18.3 32.2 67.9 41.8 56.9 37.0 84.6 42.3 47.2 77.3 14.8 18.1 28.1 70.1 54.5 41.2 33.5 84.4 74.3 15.4 37.1 66.3 16.9 74.0 39.3 3.4 89.8 37.6 3.7 3.8 47.5
21.7 50.0 19.0 6.4 19.6 58.2 48.7 25.5 36.4 45.3 94.6 80.1 22.6 20.3 22.7 70.5 79.7 3.5 76.3 88.7 89.9 83.2 94.4 0.7 23.0 35.9 10.8 80.5 90.7 2.9 13.0 98.7 31.9 12.9 55.3 87.7 38.9 46.3 48.1 68.8 62.0 12.7 73.1 55.0 27.4 7.6 63.2 15.1 54.6 62.4 12.3 60.5 46.0 75.4 28.5 65.2 98.1 2.8 87.2 56.5 87.1 21.1 41.4 57.7 88.9 75.8 15.4 17.7 73.9 82.1 4.5 68.4 73.6 31.0 38.9 4.2 33.5 57.3 62.0 34.7 89.7 61.1 17.4 90.8 91.8 19.5 87.6 93.0 55.4 13.2 32.2 52.4 33.1 49.6 74.3 7.3 18.6 29.7 20.6 51.9
12.7 29.4 65.4 33.6 87.8 37.4 88.9 31.4 3.1 81.4 29.8 49.7 63.3 14.3 76.7 19.6 58.1 52.0 10.4 83.9 92.3 70.6 14.5 31.8 58.6 15.2 32.0 70.2 48.7 55.1 61.3 47.0 4.6 61.3 92.7 14.9 15.9 75.8 0.3 59.5 57.8 58.6 58.8 77.3 58.4 76.3 15.3 26.9 75.1 58.1 65.8 48.2 58.8 52.6 87.3 4.6 82.2 71.9 65.4 40.4 28.4 18.3 18.2 3.0 46.7 8.5 61.8 98.3 15.4 66.3 4.3 91.6 90.3 4.2 64.2 36.7 97.0 98.5 13.9 12.5 40.6 53.4 54.8 76.7 14.4 73.5 77.1 34.2 75.5 67.3 58.1 94.5 19.0 35.9 35.3 92.1 83.3 70.7 64.9 94.5
12.1 14.1 67.2 91.4 0.6 79.9 93.9 16.4 32.0 50.4 40.7 97.1 96.4 38.1 37.8 60.7 98.7 58.1 60.2 37.6 79.7 86.8 54.9 27.3 22.6 8.6 16.2 71.7 38.1 18.1 66.2 53.0 70.7 56.8 89.4 68.7 72.6 12.4 26.5 97.5 16.5 40.9 82.0 74.8 30.8 93.9 85.4 12.9 12.6 56.8 90.9 13.2 21.8 37.9 79.0 29.9 8.2 40.0 23.5 98.6 94.9 9.4 6.8 67.3 67.0 80.9 17.0 16.2 35.4 66.0 27.1 72.5 39.3 17.1 9.3 55.7 10.8 21.1 74.5 58.1 5.8 7.0 65.8 4.0 7.2 52.8 88.2 1.2 47.5 11.2 49.4 84.6 54.8 23.6 55.5 82.4 41.3 82.5 54.4 36.3
18.7 80.7 11.4 22.2 35.6 48.4 33.5 96.9 46.2 87.1 94.3 95.4 34.2 95.6 54.1 15.1 73.7 77.6 53.3 47.6 49.3 40.9 85.2 99.6 82.3 49.0 7.7 27.6 69.5 18.8 29.5 71.9 71.5 30.9 20.7 50.8 23.2 90.9 72.6 54.6 98.9 3.1 19.1 97.7 9.0 61.3 84.7 94.9 1.6 95.0 14.7 61.3 20.6 43.3 41.6 34.3 97.1 7.6 97.7 97.2 62.2 26.3 91.2 40.4 45.1 65.5 94.2 38.9 69.2 10.2 50.9 51.4 94.9 39.3 57.0 40.4 80.3 26.1 24.5 43.2 51.0 8.2 23.8 51.8 58.6 89.8 26.5 68.0 97.2 67.3 28.7 46.1 77.7 89.7 86.9 29.0 24.3 32.7 3.5 31.6
25.3 2.3 5.4 3.0 3.1 56.1 79.1 81.4 30.5 43.3 54.8 75.8 31.1 85.2 10.5 92.1 63.3 30.8 58.2 6.4 23.2 63.5 54.7 4.1 31.5 90.5 73.4 37.3 80.4 69.2 93.3 21.4 55.3 80.1 53.9 91.9 10.2 87.7 13.7 99.1 91.7 44.6 16.5 64.6 24.6 38.2 60.2 33.9 41.8 93.8 37.9 66.3 97.9 59.8 49.4 69.2 76.2 78.9 86.6 31.9 25.2 3.9 66.7 49.5 91.3 72.2 45.5 75.1 78.6 54.3 31.9 74.4 67.5 49.6 64.1 15.9 35.5 86.8 30.2 38.4 49.8 94.3 1.6 99.2 70.3 57.5 33.4 87.2 56.5 39.0 39.3 19.6 62.3 32.4 83.6 81.8 16.4 47.2 57.2 35.0
63.2 93.7 5.4 90.1 45.9 78.7 74.1 69.5 77.2 70.9 75.5 13.7 99.4 70.3 79.3 0.7 37.0 0.2 11.3 36.6 58.4 83.1 96.3 59.1 2.5 46.1 5.7 17.4 89.5 57.5 45.6 48.4 91.0 9.9 99.5 17.4 42.0 37.1 92.5 55.4 26.9 24.9 63.7 77.6 68.8 71.4 75.8 44.5 21.7 27.8 48.3 33.2 57.9 50.4 54.2 78.1 25.5 85.1 38.8 25.6 60.8 64.2 85.9 1.8 40.8 90.3 79.4 66.9 47.5 57.9 47.4 93.5 4.1 77.8 2.0 16.9 26.8 35.1 81.0 24.9 65.3 80.7 92.6 40.9 77.4 77.6 9.6 76.9 34.3 71.6 10.5 10.2 97.9 95.9 58.1 11.9 63.4 10.8 23.9 8.8
78.4 78.6 97.8 17.6 90.5 71.9 3.4 71.1 14.3 3.5 13.0 22.6 47.2 82.9 9.8 93.8 3.3 33.9 7.3 97.6 78.7 40.9 60.7 59.6 42.4 85.6 18.3 40.9 42.4 78.5 63.5 44.4 6.9 53.3 17.9 47.2 46.3 2.9 78.4 93.4 86.7 60.9 44.0 65.0 95.9 67.1 90.2 88.9 95.8 99.6 45.4 20.0 45.1 53.3 65.8 76.6 84.0 29.7 42.7 40.7 26.0 2.0 50.2 78.7 40.5 46.3 30.4 20.1 36.4 66.3 37.7 13.8 46.8 90.6 35.4 48.9 15.1 96.5 56.3 80.5 35.6 52.4 74.0 40.8 49.5 51.8 43.8 93.7 51.9 41.1 93.1 14.2 23.1 0.7 74.6 34.9 1.2 94.6 58.6 99.7
17.8 96.9 2.6 90.8 85.5 19.1 50.5 61.9 47.5 32.4 27.1 69.5 36.8 85.7 56.4 21.7 7.9 45.5 72.1 20.2 68.6 94.4 91.0 78.3 29.0 4.5 15.4 49.5 41.7 91.7 15.1 3.6 18.7 30.2 95.8 53.6 3.4 8.9 11.2 45.3 49.0 64.6 93.7 74.9 10.1 53.6 25.9 93.5 71.5 69.0 93.3 26.2 15.6 60.4 77.7 60.4 67.7 34.0 7.2 68.3 62.9 84.0 3.0 72.8 98.6 32.2 29.4 33.7 18.1 12.5 32.6 93.9 72.1 61.9 89.4 87.7 28.5 26.8 19.6 17.7 72.4 43.4 5.9 0.8 15.2 98.4 32.9 54.6 80.8 4.6 57.9 87.9 8.6 67.7 0.8 31.1 46.6 93.2 8.8 17.3
98.5 75.8 88.3 43.6 6.8 64.5 11.4 81.2 63.6 47.4 83.6 57.7 24.8 23.5 65.6 91.4 78.4 27.2 32.1 8.2 43.8 17.2 45.3 80.4 49.4 48.1 91.3 73.1 76.2 37.5 90.5 25.0 11.7 77.5 48.5 44.5 24.0 99.2 4.0 32.0 37.6 51.6 67.4 75.3 62.2 7.9 87.3 66.2 63.3 68.5 66.1 85.9 64.2 60.7 83.7 51.4 12.9 29.7 57.3 42.5 39.3 82.8 51.2 72.6 3.2 77.8 55.4 59.2 15.6 28.3 91.0 98.1 51.6 16.2 22.0 11.0 48.3 99.8 13.9 70.4 13.1 79.2 49.6 39.5 92.3 20.8 75.1 23.2 32.2 11.9 28.6 15.4 62.7 59.1 27.9 56.0 4.4 1.6 86.9 64.4
5.6 16.6 58.4 86.0 53.1 11.0 8.0 30.0 14.6 35.8 55.4 38.8 80.3 14.6 61.6 42.3 52.3 22.8 60.9 15.6 62.3 63.2 33.7 91.6 72.7 40.4 53.0 28.4 11.6 92.3 81.3 29.2 23.0 73.2 87.3 50.0 47.5 66.1 7.1 12.6 44.1 91.6 55.6 99.2 24.1 90.1 32.5 85.7 2.6 96.3 83.6 27.5 91.3 81.7 79.6 80.0 62.0 93.8 7.6 8.8 30.4 0.6 19.4 89.0 32.4 4.4 40.9 95.5 90.4 36.1 14.8 36.2 68.2 83.3 30.8 32.3 95.0 86.0 17.4 51.7 3.7 61.0 30.4 49.0 27.7 59.9 12.8 58.8 24.7 35.4 56.4 96.6 4.9 44.8 64.8 64.4 26.9 56.5 19.4 65.2
10.5 67.9 24.7 64.4 99.0 64.7 30.6 72.5 45.5 20.1 90.3 58.3 57.6 74.9 43.2 37.5 26.2 23.7 65.6 47.7 35.7 11.5 30.2 90.7 35.8 87.4 72.7 38.4 25.2 41.5 86.0 93.2 74.1 39.1 41.3 44.5 62.5 9.6 98.9 77.8 66.7 75.7 73.8 52.4 97.0 42.8 81.5 70.2 60.0 21.0 12.6 72.0 33.6 25.8 95.9 80.2 91.5 1.5 29.7 19.7 21.0 59.3 57.7 68.4 50.1 45.1 43.3 86.3 13.2 91.8 69.0 76.6 42.4 4.0 26.9 32.9 11.1 10.6 24.6 59.1 78.3 51.7 67.8 6.0 4.1 70.1 40.3 80.9 11.8 69.1 44.9 74.4 79.7 69.5 25.5 73.4 95.4 94.5 54.1 68.1
78.1 79.0 79.6 30.8 32.1 5.9 62.5 48.9 71.0 43.8 64.6 89.4 36.0 86.1 50.7 3.8 71.1 99.9 83.0 87.6 13.0 95.2 53.3 78.7 56.9 52.8 27.3 91.8 64.3 47.9 33.0 65.2 23.2 84.6 38.5 7.8 44.8 69.3 13.4 49.5 6.0 93.4 0.3 26.8 41.6 76.2 14.7 49.8 99.0 16.7 75.4 73.5 96.5 6.5 37.6 15.3 41.4 41.5 13.6 66.3 24.3 64.6 66.1 38.6 56.6 49.1 35.5 24.9 74.5 19.6 16.4 37.2 57.6 39.0 81.0 43.6 92.0 32.8 90.4 29.7 77.8 78.1 35.7 82.1 9.3 24.2 26.9 5.5 54.5 87.1 10.1 51.8 4.4 40.2 3.3 31.9 56.0 80.7 8.2 24.3
3.8 81.1 75.7 51.8 23.2 17.5 9.7 80.7 64.5 81.4 95.4 89.9 91.9 54.4 10.6 86.0 19.5 25.0 40.3 40.3 40.0 62.2 25.8 13.1 71.6 11.7 94.4 95.0 3.7 1.9 38.5 1.5 36.7 18.8 15.4 8.9 75.1 67.8 80.5 2.0 0.7 86.4 41.8 46.1 57.8 50.4 93.6 74.4 18.8 6.9 78.5 65.8 6.4 91.5 76.4 57.1 65.8 11.8 29.5 12.1 87.1 62.9 49.0 41.1 8.7 82.5 54.5 59.6 42.5 90.4 12.5 21.1 71.3 5.4 34.6 97.3 70.7 96.9 95.8 68.6 42.3 5.8 85.7 4.3 16.6 57.9 49.5 25.3 92.9 98.8 92.4 47.8 39.4 24.5 35.4 90.0 76.1 22.5 5.6 89.3
49.7 4.9 39.7 37.7 44.1 76.3 62.5 56.8 9.4 96.4 64.5 34.6 76.5 83.4 99.1 25.3 1.8 3.7 84.3 99.1 33.8 15.5 83.9 11.0 28.0 95.0 62.5 7.7 7.6 72.4 25.2 69.8 78.5 94.6 91.8 16.1 69.6 75.0 69.8 65.8 56.8 10.2 5.3 11.2 62.0 67.1 26.6 36.0 91.4 69.0 43.4 4.3 36.8 96.5 14.8 78.0 15.3 33.3 72.4 10.7 97.9 10.7 64.8 73.5 13.6 67.4 53.6 56.9 27.8 59.4 60.9 10.2 62.6 8.2 54.9 74.6 37.2 96.0 66.3 78.3 56.0 13.8 80.8 5.0 49.4 77.8 38.5 99.8 1.2 29.9 7.2 17.2 97.8 95.2 46.7 51.7 35.7 23.1 13.6 22.3
23.6 39.7 39.0 95.6 86.8 76.6 50.5 84.9 18.9 97.6 17.4 14.0 84.1 5.0 10.5 10.0 22.8 22.1 1.7 82.3 55.1 34.9 9.2 64.5 30.3 94.9 86.8 97.8 44.8 16.7 20.1 11.7 71.0 88.9 46.0 11.8 38.9 29.8 70.6 82.8 77.3 95.2 14.8 77.7 93.7 89.7 21.3 58.8 14.5 32.2 81.2 58.6 69.3 57.4 83.9 33.6 76.3 99.9 31.3 87.4 21.7 80.7 86.0 36.5 21.6 22.8 59.9 74.8 53.8 12.2 43.4 29.5 84.0 74.7 88.0 65.4 79.6 75.3 21.2 6.7 42.8 21.8 17.2 79.0 28.6 1.6 32.2 3.9 0.9 90.8 54.8 74.9 50.5 47.1 20.1 66.7 53.6 29.7 25.4 87.9
52.4 57.7 60.4 20.9 96.0 18.5 29.4 24.2 40.4 99.2 16.7 33.1 79.4 7.9 53.7 5.6 84.9 32.5 5.9 65.2 34.4 1.2 26.2 44.4 91.6 1.7 36.0 19.0 96.1 44.7 65.8 53.4 47.4 30.1 78.3 75.0 54.5 78.6 73.2 61.5 90.0 35.1 57.4 54.9 53.4 36.2 98.0 14.3 54.8 23.9 62.5 49.8 56.2 12.2 88.6 45.2 99.3 81.0 29.1 16.9 56.1 99.6 53.3 14.8 1.5 60.7 81.7 28.5 2.1 79.6 82.0 15.2 14.0 69.0 56.3 52.5 73.5 68.3 40.9 39.9 44.9 71.7 13.7 76.9 24.6 39.2 16.6 52.6 72.8 69.4 98.5 37.6 35.3 45.6 45.5 65.1 54.2 46.6 75.8 97.5
33.2 10.8 63.2 96.5 43.2 23.8 58.1 95.0 87.5 96.9 55.6 62.2 33.8 2.1 13.9 18.2 9.2 31.7 86.6 14.7 86.2 30.9 88.7 71.0 87.8 54.5 18.6 69.6 30.7 32.9 51.2 11.9 99.0 93.7 38.7 57.0 11.2 90.6 10.9 4.4 44.9 36.9 53.8 96.5 1.3 43.1 98.8 78.0 52.3 47.7 0.2 5.0 85.6 63.0 32.2 31.6 13.8 13.6 49.0 18.1 46.0 36.3 55.2 77.0 27.0 82.8 32.3 45.4 18.1 15.8 51.3 37.5 32.3 94.2 21.7 77.7 47.4 15.1 97.0 46.0 0.7 23.6 19.5 53.4 28.8 82.3 76.3 59.9 80.4 47.0 1.4 71.4 4.7 68.6 98.0 57.6 19.7 16.0 24.8 54.9
66.1 33.8 53.7 97.4 36.5 30.1 89.2 90.3 14.3 44.7 44.9 44.6 4.4 69.9 84.6 78.4 94.2 85.2 3.3 84.0 83.9 85.2 47.7 73.2 30.5 34.6 15.2 28.8 90.5 24.7 88.3 8.8 26.4 26.1 16.1 38.6 72.2 43.1 6.7 43.6 29.3 27.9 10.9 5.3 70.8 38.0 12.4 89.3 71.6 39.0 31.5 80.4 91.9 98.6 45.0 59.6 31.0 22.7 9.9 87.7 31.3 5.1 83.8 16.0 91.2 39.3 24.6 91.8 2.7 26.4 29.5 78.7 56.7 22.8 80.0 50.9 6.9 66.2 19.7 60.5 57.9 92.2 29.7 45.6 98.1 84.5 98.6 13.7 73.8 99.1 8.5 51.2 78.5 36.3 61.7 24.9 25.9 72.3 3.2 36.2
72.7 71.0 82.4 22.7 69.3 71.9 74.7 74.3 70.4 75.2 17.7 89.0 35.8 67.6 79.2 18.8 34.6 88.8 60.6 38.4 43.6 13.6 50.4 76.8 83.1 73.8 52.8 12.7 49.3 49.5 55.6 74.0 30.8 9.4 12.7 39.7 12.9 56.7 81.1 51.5 67.8 84.9 40.2 49.9 28.4 84.8 90.2 80.6 34.4 8.5 37.3 15.8 26.1 71.5 96.0 78.4 0.4 57.8 78.4 9.6 31.1 29.7 56.9 23.3 65.9 41.4 64.8 84.4 2.5 46.1 76.7 8.2 62.4 24.1 50.8 52.8 29.8 1.6 13.8 82.6 85.6 6.7 86.7 28.9 25.2 61.6 39.4 52.0 76.4 75.1 6.4 76.8 56.0 18.2 39.2 94.0 62.5 57.3 5.9 78.9
38.0 58.4 89.2 1.0 6.8 37.7 50.9 71.0 24.3 82.8 76.9 34.4 74.2 85.0 53.5 62.0 88.8 67.0 29.7 85.2 15.3 86.6 18.2 80.3 34.8 82.2 55.9 21.1 61.7 76.0 73.3 32.1 53.2 8.2 18.7 8.2 71.4 90.4 72.5 88.2 46.2 29.9 11.9 17.4 96.2 99.9 41.6 80.1 72.5 43.3 93.9 13.3 26.6 35.4 50.2 21.3 26.8 43.2 45.1 16.6 69.7 62.9 9.9 0.3 58.8 81.3 9.9 32.1 84.3 46.2 81.5 99.6 78.1 86.1 31.5 81.6 5.6 48.3 36.9 47.4 67.4 4.3 97.5 44.6 18.7 56.1 3.1 70.2 37.5 22.9 25.7 1.6 3.5 56.9 30.7 75.9 36.4 84.5 20.2 54.6
83.4 14.5 93.1 31.0 0.5 97.9 17.2 36.4 87.8 26.7 52.0 42.6 67.4 55.2 21.5 6.3 53.3 87.2 61.7 42.7 50.4 71.9 94.0 67.3 55.2 21.3 38.1 59.8 94.4 95.0 26.7 36.9 53.5 36.0 37.1 70.0 91.9 16.3 19.2 90.7 16.3 13.4 99.8 11.9 47.4 77.4 97.3 69.2 70.2 44.8 92.1 25.6 53.1 76.7 67.0 83.1 79.6 9.1 53.2 60.2 71.6 84.1 66.9 52.0 2.6 76.2 50.1 32.8 62.8 69.4 23.6 57.9 21.3 59.5 83.6 36.0 37.5 48.9 35.9 4.3 13.6 7.4 39.1 15.6 52.8 98.2 47.0 56.0 91.8 90.5 62.6 98.9 53.8 46.1 38.4 99.7 76.8 5.6 79.5 95.0
62.0 68.7 55.3 23.5 30.2 73.3 45.7 97.2 65.7 80.0 28.5 69.1 82.0 22.8 14.2 24.4 73.8 7.5 15.2 47.9 49.6 81.7 15.1 28.1 62.2 83.8 88.7 23.7 24.0 84.8 87.5 29.4 11.4 88.5 37.1 61.8 55.7 25.5 52.3 39.3 70.8 78.5 3.9 75.0 63.9 31.2 23.2 10.1 39.2 85.8 94.6 8.9 11.1 65.4 93.0 76.7 48.9 54.7 18.2 2.1 9.8 84.3 71.0 84.2 29.2 27.9 29.9 19.6 50.1 32.9 11.8 64.9 6.8 87.3 83.4 71.6 50.0 14.9 45.7 90.0 68.4 98.7 25.1 3.9 15.0 57.0 45.7 60.0 88.2 40.7 46.5 30.6 6.9 38.4 1.5 64.2 72.6 67.1 46.5 63.5
75.1 64.7 67.2 31.6 8.4 88.6 80.2 56.4 14.2 50.0 7.7 56.1 65.5 4.0 28.4 39.8 47.6 66.9 81.1 53.4 35.2 18.7 74.5 86.5 62.8 74.0 15.8 72.9 72.3 29.7 82.5 42.1 96.4 55.7 56.5 4.8 76.9 34.1 1.0 6.2 85.0 69.9 39.0 57.8 22.3 28.5 35.8 97.5 53.8 38.8 70.0 69.0 63.2 37.8 67.1 52.8 24.9 49.7 51.2 74.3 42.9 61.0 50.6 9.7 18.3 94.4 9.3 38.5 21.9 58.4 64.5 53.9 85.4 96.1 12.5 12.7 16.8 50.6 24.9 99.1 13.9 89.6 0.5 29.5 65.4 57.4 58.9 95.8 86.6 76.7 92.1 25.8 57.4 63.5 31.5 11.7 9.8 36.3 32.9 42.2
76.8 90.8 56.1 3.5 30.4 18.4 18.1 98.9 50.9 83.3 57.7 68.0 42.5 38.3 59.7 82.9 66.4 93.0 58.6 48.5 86.7 12.6 95.2 22.2 89.1 1.7 88.4 65.1 59.9 56.7 26.9 54.3 67.0 32.0 41.3 7.8 12.8 30.6 30.1 30.4 89.7 34.1 44.9 35.9 67.2 51.8 16.5 80.1 89.0 59.1 88.7 51.6 27.9 45.9 43.0 58.9 28.5 87.3 92.8 63.5 1.9 18.7 71.9 68.4 13.2 68.2 8.3 7.2 75.8 71.2 67.5 77.0 41.8 18.6 40.2 25.3 64.6 15.7 30.5 68.5 99.6 43.4 73.7 33.8 45.0 87.9 79.0 33.3 52.5 77.9 92.6 46.8 1.7 40.3 5.1 82.4 30.6 9.7 24.3 59.2
67.2 80.1 76.4 73.4 69.2 25.9 53.3 54.4 54.8 21.3 3.9 13.1 37.6 34.4 45.4 13.8 68.1 16.8 6.4 84.0 29.7 17.0 46.3 40.3 37.8 15.5 16.2 18.3 34.7 26.9 90.8 77.8 92.1 54.4 3.6 51.2 41.9 61.2 82.0 27.7 56.4 22.0 13.6 59.2 19.7 0.9 90.9 29.5 34.3 27.1 14.8 84.7 92.8 25.4 48.6 94.7 64.6 41.7 57.1 19.9 0.6 24.1 73.4 61.8 16.7 76.0 8.2 6.4 53.4 95.2 89.4 38.1 46.7 49.0 18.6 63.2 92.8 94.5 81.6 95.8 21.6 53.0 34.7 92.6 69.1 70.2 28.8 37.2 69.2 65.2 41.4 48.7 57.2 91.0 95.8 65.6 63.5 96.7 88.4 54.6
86.3 65.6 36.0 95.3 71.9 41.8 80.1 23.9 62.9 75.9 26.3 8.8 74.8 32.0 4.5 51.5 17.4 82.6 42.9 76.3 57.6 79.2 67.2 99.5 43.4 27.1 91.5 46.5 21.3 51.2 65.6 36.0 97.5 61.3 83.6 27.0 24.7 58.9 73.2 63.6 60.3 73.2 27.6 80.3 48.9 29.3 70.7 52.0 33.0 33.8 14.1 7.3 1.4 97.4 73.5 58.2 67.6 16.1 35.5 20.8 28.8 15.8 42.5 43.3 45.6 70.6 17.0 96.0 58.4 77.7 63.6 18.0 98.5 60.0 17.0 45.0 4.2 43.6 1.2 39.3 97.4 50.3 69.9 65.5 46.7 67.9 49.8 71.9 52.7 94.1 84.4 24.9 92.4 39.7 91.5 75.5 63.9 72.4 41.8 69.9
12.4 34.4 94.5 67.3 28.8 32.3 69.6 58.8 69.4 3.1 64.1 67.6 85.3 13.6 34.3 42.8 69.9 31.5 29.2 92.6 55.0 75.5 33.5 60.3 2.2 53.7 94.3 10.4 57.9 94.3 27.4 21.6 40.2 27.4 28.6 28.2 69.6 76.5 8.6 60.9 73.8 1.9 27.3 98.0 26.7 82.1 49.5 42.6 22.0 89.6 62.0 43.4 20.6 89.0 15.8 90.7 7.8 56.8 94.7 41.9 72.5 95.6 57.5 80.6 42.7 94.3 39.5 91.7 19.9 46.3 74.4 28.1 78.1 36.3 98.1 42.2 42.5 66.6 73.8 16.7 86.9 4.9 71.5 5.1 70.0 32.7 61.0 63.4 45.8 91.0 18.0 18.8 32.1 53.7 38.0 14.8 87.9 53.7 72.0 15.0
14.7 17.9 6.7 77.2 46.8 81.4 53.2 98.5 92.6 63.2 65.5 13.8 31.6 81.0 17.2 25.1 37.8 20.0 77.8 20.9 9.7 77.6 61.5 91.5 17.0 56.7 47.1 100.0 78.3 12.8 14.6 65.8 5.4 30.4 5.5 67.1 63.2 37.5 17.0 78.2 91.5 24.2 81.5 10.2 93.4 84.3 86.5 62.9 48.0 91.6 19.4 17.3 23.2 15.3 63.2 48.7 68.3 63.2 58.9 52.9 83.5 69.8 88.6 39.0 76.6 13.6 78.7 74.0 76.0 85.6 71.6 23.6 42.0 73.5 17.4 71.1 89.5 4.1 64.0 70.3 36.2 66.2 92.7 64.5 88.1 74.7 78.4 19.2 55.5 1.2 25.6 48.2 52.2 81.9 89.1 65.0 11.6 16.0 84.7 90.7
36.8 5.8 83.9 37.1 98.4 17.2 55.6 91.8 42.4 15.3 65.8 5.1 25.1 98.0 80.1 30.3 85.1 12.1 71.1 45.6 41.6 70.0 64.8 5.8 71.3 27.5 35.3 51.7 49.5 94.3 35.0 6.9 17.7 36.0 19.5 9.9 71.6 20.1 96.9 14.5 53.8 18.1 60.8 40.5 36.0 21.9 29.6 95.3 35.9 58.2 56.7 64.2 51.1 8.4 57.0 97.2 14.5 11.9 65.8 80.6 22.9 67.8 18.0 4.2 75.4 79.4 6.6 65.8 60.5 63.4 71.5 68.4 31.8 29.6 31.3 89.7 79.0 77.5 17.9 65.2 99.5 85.8 96.4 37.8 31.9 84.6 7.0 44.8 65.2 85.3 67.3 39.3 40.8 56.6 7.6 64.6 61.3 48.8 74.4 43.9
73.1 96.6 1.7 16.5 42.7 25.2 36.0 6.2 57.9 0.5 23.5 94.0 4.3 22.1 83.4 43.4 25.6 75.1 61.7 43.5 83.7 14.9 1.0 16.8 70.6 51.9 56.8 52.6 26.4 6.2 98.4 58.7 20.6 76.1 2.1 9.9 78.0 21.0 14.3 8.2 80.1 15.5 0.7 18.2 69.2 76.0 80.2 31.3 59.8 11.4 37.7 90.5 18.6 54.4 79.2 69.8 25.0 23.4 65.5 76.1 52.5 79.6 56.0 92.3 65.1 56.1 26.6 56.1 50.1 47.3 47.4 63.9 27.8 72.7 53.4 54.7 73.3 80.5 63.7 64.2 40.4 59.8 70.8 40.2 56.1 22.1 77.9 45.3 27.8 86.8 31.3 40.6 93.6 80.0 71.9 51.3 76.4 94.8 57.4 19.0
88.1 75.4 23.7 23.8 88.5 52.8 44.2 38.0 68.2 65.2 95.9 22.4 71.2 34.8 44.8 8.7 83.6 79.8 5.3 3.2 47.8 9.8 76.9 61.9 95.5 39.3 14.3 75.4 91.9 83.7 77.2 74.4 14.0 47.8 55.4 93.6 39.8 97.3 78.3 16.6 18.0 89.2 20.2 98.8 1.8 56.7 32.9 11.6 63.9 82.1 72.9 15.6 2.0 80.8 52.6 82.7 72.3 19.9 5.8 66.6 42.7 30.5 25.3 2.5 26.7 83.2 54.3 34.5 22.3 21.6 54.3 72.6 43.3 46.0 3.1 13.8 9.6 19.4 93.4 24.9 77.0 68.7 46.4 51.3 77.3 66.9 38.0 6.6 72.5 87.2 37.2 69.2 88.4 58.4 98.3 66.6 82.7 28.3 25.2 23.9
78.8 15.3 33.1 35.9 67.3 45.6 25.4 0.9 37.1 17.2 35.5 21.9 77.2 30.4 84.5 85.3 72.0 95.3 90.5 8.7 76.7 20.1 10.1 78.5 7.3 74.4 5.2 77.3 88.5 6.0 94.0 69.9 15.5 74.6 37.4 0.0 12.0 74.0 97.4 5.5 96.2 90.3 73.9 66.1 36.5 65.3 99.0 99.3 16.4 32.0 41.1 64.6 77.4 3.0 61.8 14.2 69.5 91.7 63.3 68.6 29.3 64.0 0.8 70.0 6.9 83.5 41.1 1.4 81.9 82.8 51.8 1.2 97.0 53.3 57.9 79.5 65.9 34.4 38.6 43.2 76.5 53.4 44.2 2.9 36.3 76.9 43.3 26.4 93.7 93.7 53.3 67.9 57.2 63.3 73.3 93.2 87.9 45.4 8.8 39.7
14.4 8.1 33.4 68.8 8.7 36.6 12.5 9.3 91.2 64.8 59.3 42.8 35.9 84.9 90.8 1.1 36.0 24.0 70.2 49.7 24.7 69.6 53.3 22.0 33.3 58.0 48.0 15.1 21.0 97.8 46.1 7.9 50.3 12.2 17.8 56.1 99.8 26.4 67.5 18.7 55.6 78.8 13.8 67.1 81.7 48.3 35.5 12.3 38.5 62.9 34.8 23.4 85.9 89.1 41.3 55.3 87.0 26.8 25.8 92.3 72.8 36.3 24.6 28.3 54.8 91.3 57.9 39.9 9.9 86.4 87.4 80.9 33.1 95.8 30.5 3.3 23.0 67.7 63.6 46.0 95.9 2.4 3.5 71.6 73.4 66.0 14.1 14.0 50.1 29.9 79.7 68.8 88.7 14.9 0.8 2.3 31.8 32.7 76.8 68.0
87.5 14.1 2.9 33.2 68.8 85.0 84.4 11.8 86.1 51.6 75.9 47.9 91.0 38.0 93.4 67.3 49.8 55.8 91.9 28.0 25.1 99.2 49.7 0.6 54.8 86.1 50.0 17.3 70.1 60.2 29.6 89.3 27.9 53.5 58.2 23.6 25.0 40.2 78.3 55.7 21.4 97.4 78.4 15.7 65.9 73.3 19.5 75.1 97.8 45.1 55.9 5.9 80.2 61.1 11.3 77.2 64.7 33.8 58.1 77.8 48.2 70.7 20.1 56.7 60.5 58.5 78.9 19.1 85.6 38.5 89.9 24.9 39.5 88.7 47.3 56.8 13.4 13.8 60.8 63.0 13.1 38.6 58.5 1.4 19.1 10.2 95.7 73.5 90.1 72.3 5.6 24.8 44.2 70.5 59.6 98.5 86.1 88.9 54.0 79.0
78.0 44.5 41.2 33.9 81.9 42.5 83.2 68.2 79.4 34.2 2.6 27.9 20.6 53.4 96.4 44.9 21.5 62.9 37.5 77.6 48.9 0.4 77.6 10.8 44.7 96.2 85.3 22.7 12.7 35.5 93.3 91.5 57.7 94.1 64.9 90.2 12.0 29.7 57.1 2.4 9.5 72.6 40.4 14.4 52.9 75.0 96.8 91.6 32.4 79.9 86.4 46.8 8.4 98.1 77.3 13.9 19.9 32.8 82.0 83.6 68.9 91.8 53.5 82.5 95.2 84.6 91.1 2.4 76.4 36.6 2.3 91.9 18.2 31.1 91.0 35.4 37.0 24.0 36.1 86.7 22.6 44.5 92.8 64.1 91.2 50.5 43.5 23.7 46.9 46.6 85.3 87.2 71.6 58.3 28.8 28.6 27.4 67.3 88.3 90.3
36.2 46.9 48.2 43.6 89.6 78.1 99.0 67.2 79.2 76.0 64.6 65.8 25.2 55.9 43.9 32.7 16.1 88.2 48.5 97.8 68.0 87.6 29.1 86.7 39.0 96.0 21.0 24.0 49.7 8.0 16.7 52.1 70.1 70.3 44.6 40.7 11.9 26.7 12.4 62.6 56.4 13.3 53.0 33.6 57.1 5.8 11.0 66.3 24.6 64.7 71.9 64.4 98.9 27.2 29.9 73.0 74.6 74.9 1.6 41.7 50.2 31.9 50.0 43.9 63.9 7.3 32.8 83.7 42.5 21.4 52.5 63.6 11.3 19.1 60.9 16.6 58.1 38.4 9.3 24.7 6.5 66.5 34.6 46.3 53.0 92.6 47.4 43.9 35.8 23.8 8.9 82.8 55.4 54.6 28.1 24.2 63.4 70.6 60.4 38.0
41.2 89.6 30.8 97.4 5.9 99.9 2.7 55.7 17.2 8.3 83.5 63.9 17.0 60.3 56.2 51.0 46.4 79.6 21.7 19.7 75.7 45.6 0.4 16.4 19.5 45.3 89.7 94.8 82.3 16.6 54.3 5.3 23.7 40.4 6.2 15.9 79.1 34.6 91.7 37.0 29.9 93.6 63.7 94.6 72.8 74.5 24.3 57.1 67.5 42.0 79.1 15.2 2.0 85.5 31.3 22.2 83.8 44.9 12.0 97.0 26.4 21.5 54.0 28.7 41.3 67.3 69.1 89.7 47.8 28.7 39.9 62.1 99.7 65.7 48.7 52.8 64.8 20.6 33.4 29.5 51.6 66.8 63.1 13.2 13.6 48.5 70.1 35.9 80.1 2.1 17.7 74.0 84.4 59.9 71.2 19.1 18.0 6.8 75.5 97.5
29.8 1.4 33.2 56.7 5.7 7.1 14.2 6.4 6.9 57.6 24.6 89.2 36.1 21.6 57.6 69.7 94.7 63.5 47.3 1.7 6.0 8.8 1.3 97.6 65.4 63.7 91.0 8.0 83.9 76.8 34.4 38.9 69.5 1.8 82.2 50.4 54.5 9.0 69.5 76.5 81.5 94.0 19.2 40.9 84.1 97.3 39.8 41.7 40.0 0.3 52.9 83.0 20.7 39.6 10.0 23.6 79.0 73.4 67.4 9.3 23.7 6.4 45.7 35.4 93.3 46.6 98.6 2.3 77.5 3.7 22.3 27.3 11.6 9.9 11.1 18.0 89.3 15.3 88.2 41.7 1.6 57.7 15.9 49.0 11.6 51.6 55.8 62.2 43.5 40.6 88.9 53.9 23.8 79.8 35.2 56.0 53.9 55.8 50.8 31.8
3.4 96.7 27.7 57.4 25.9 39.6 80.5 34.7 41.8 97.4 80.3 5.9 9.5 35.3 77.8 94.0 8.1 93.3 40.7 30.4 51.1 0.1 85.6 85.8 78.4 32.0 23.4 5.0 54.1 23.8 43.1 51.5 27.5 32.4 17.8 19.4 84.5 39.3 26.9 63.3 76.8 61.6 41.0 8.1 82.8 47.1 28.8 21.5 22.1 2.1 61.2 23.1 9.8 46.4 25.5 19.1 4.8 46.2 47.2 67.5 25.0 34.7 44.7 41.9 60.6 34.9 21.9 38.6 93.2 37.6 96.5 67.4 18.8 36.2 39.1 57.4 82.1 20.6 21.8 46.8 40.8 19.7 70.9 49.5 47.9 29.2 42.2 98.0 95.3 95.1 75.0 26.0 56.1 3.0 41.8 82.0 55.7 31.9 97.5 91.4
35.4 62.5 24.0 4.5 11.0 25.8 68.3 24.2 37.6 69.1 64.9 27.6 7.4 24.2 45.0 15.5 6.6 78.4 93.9 76.9 85.7 80.3 10.6 19.1 68.5 47.8 72.1 95.1 33.0 23.4 39.6 22.6 12.9 59.2 66.5 23.1 83.1 32.2 46.8 60.5 97.0 82.4 6.4 14.4 54.0 39.7 36.4 66.3 33.1 82.2 82.4 86.8 45.3 12.9 52.5 60.0 79.5 16.5 24.0 40.0 70.6 13.4 17.6 9.9 42.4 46.6 86.5 59.1 70.4 70.2 32.4 15.7 38.6 17.3 8.5 44.0 65.6 34.4 75.9 40.2 84.1 7.7 29.3 46.2 64.6 38.7 26.7 19.5 17.1 98.4 95.4 51.9 27.7 41.9 55.3 95.1 78.1 9.6 22.6 36.3
10.6 80.0 33.8 13.2 80.2 73.5 46.4 56.0 78.9 56.7 53.4 2.2 98.6 76.3 4.8 66.3 97.2 26.3 9.7 40.2 3.3 32.6 28.2 6.6 8.9 10.8 65.3 20.8 27.8 11.8 9.5 50.7 23.9 17.9 61.9 45.7 40.7 3.4 66.7 72.1 60.1 0.3 45.0 96.3 1.8 52.4 47.6 37.3 55.3 83.8 38.6 76.5 89.5 27.6 35.3 42.9 44.5 71.3 66.6 81.1 70.8 38.2 63.0 83.3 82.6 57.8 87.2 69.3 63.0 42.4 36.4 24.9 5.4 47.5 64.0 73.9 51.1 43.8 29.9 72.9 83.2 18.8 49.6 91.3 44.9 83.0 15.5 88.0 81.8 41.2 30.1 39.7 47.5 17.2 5.9 20.4 69.4 10.5 7.0 38.3
16.6 48.8 52.2 13.7 79.0 89.1 6.5 92.8 76.3 30.7 3.1 92.6 26.4 79.2 91.0 39.7 86.6 10.6 37.5 44.8 57.5 28.3 73.4 14.0 54.9 21.0 62.5 31.3 83.2 23.6 28.9 24.5 85.0 87.0 41.2 47.6 81.2 65.0 11.0 95.0 59.0 75.3 66.9 56.1 97.3 68.9 14.1 26.0 44.1 87.1 64.7 95.3 10.1 60.3 0.7 26.6 25.3 35.7 85.5 97.4 56.3 59.3 26.6 85.3 53.3 1.5 94.4 58.6 68.7 72.9 41.3 8.8 42.4 88.3 22.7 65.2 21.2 55.4 29.7 12.0 67.0 35.1 76.0 87.8 59.3 97.6 81.0 54.9 55.0 77.1 60.1 48.8 19.6 41.4 46.5 93.7 22.3 85.7 27.0 31.2
79.9 61.6 40.2 11.2 10.1 1.3 70.9 4.3 13.6 70.6 67.9 83.8 99.5 87.1 82.0 4.2 22.1 31.6 39.1 80.0 29.4 79.9 9.1 30.4 6.3 77.0 3.7 10.0 22.6 61.4 58.5 33.0 18.1 37.0 6.2 42.6 7.8 9.8 65.8 46.9 36.7 71.9 20.4 17.9 19.9 34.0 5.4 98.0 9.1 63.5 95.7 38.1 16.6 93.4 97.2 91.9 73.0 14.3 92.0 12.4 12.0 25.9 76.8 90.8 11.6 57.7 26.4 80.4 67.9 74.3 2.8 40.5 27.6 74.4 45.2 11.1 88.2 1.7 20.5 93.1 97.5 22.0 50.7 27.0 96.6 48.5 60.9 13.3 12.5 52.6 23.0 91.8 63.7 46.6 57.5 27.5 73.2 61.1 77.9 56.5
91.5 40.7 69.7 42.0 39.2 28.6 14.3 95.9 25.2 92.3 93.5 13.1 81.5 83.0 33.6 28.0 35.0 11.8 36.0 57.7 10.2 62.2 99.1 29.0 54.5 54.0 4.4 18.0 38.5 22.4 55.0 6.2 6.2 30.9 4.2 90.9 14.4 57.0 79.1 73.2 37.2 52.1 85.9 30.8 90.5 87.4 47.6 84.9 1.1 69.2 6.1 12.2 7.2 57.3 20.2 74.3 89.7 73.7 65.2 35.6 98.0 63.2 84.1 87.3 82.5 0.0 33.1 70.9 19.6 40.3 89.5 88.1 21.5 67.0 88.0 61.3 40.8 68.1 38.3 55.1 53.5 5.3 56.5 38.7 29.2 76.1 88.9 76.6 55.3 96.9 47.6 10.4 97.0 74.5 48.7 47.0 39.4 43.1 46.9 74.0
8.5 98.1 1.2 33.8 29.0 62.1 72.8 18.3 76.6 34.5 76.6 42.0 29.2 56.7 51.4 34.5 59.5 32.5 1.8 83.0 35.2 73.3 23.2 16.6 52.8 22.3 69.8 89.0 93.0 71.0 67.2 9.3 90.1 6.9 15.3 82.7 21.0 27.6 88.2 28.9 69.7 11.2 19.3 53.3 23.3 14.7 94.7 56.0 46.9 24.1 33.4 0.2 67.9 50.6 12.5 69.2 89.0 32.6 20.7 36.9 69.0 6.6 92.6 63.4 88.5 75.6 57.3 56.3 81.3 16.3 85.4 20.0 37.4 80.2 74.8 90.9 23.7 98.4 5.3 4.3 26.6 6.4 46.4 83.3 42.7 79.0 81.9 26.2 91.0 37.3 69.5 63.8 46.7 78.4 71.3 23.0 26.6 60.7 51.3 11.4
7.0 55.6 75.7 60.7 13.5 26.2 54.2 31.9 87.8 1.6 85.5 18.8 25.2 19.0 35.7 5.1 41.4 24.2 82.0 79.5 85.3 99.3 52.8 58.1 60.8 0.9 24.9 10.7 64.3 92.4 47.4 64.0 91.9 6.1 12.0 34.8 6.7 63.1 65.9 90.4 47.5 30.0 40.8 98.2 58.3 30.0 3.9 57.1 48.4 94.6 18.6 79.3 27.2 94.4 36.0 83.8 29.8 82.3 10.3 90.2 7.0 60.0 77.1 56.6 57.8 49.1 54.3 69.4 24.9 31.8 76.2 33.8 82.4 41.6 0.7 31.4 88.6 63.4 46.4 47.0 1.3 1.6 43.1 86.7 3.5 42.7 99.0 23.5 73.0 34.9 82.0 34.6 65.4 80.8 97.2 30.2 54.6 56.7 65.2 71.1
28.1 80.9 14.5 22.4 24.7 60.4 33.9 79.9 61.8 50.8 44.1 86.9 33.0 8.6 93.4 52.1 74.1 35.1 48.8 94.1 13.2 61.6 54.5 40.5 85.1 78.1 20.5 13.6 28.0 45.6 10.4 50.7 69.7 94.4 94.7 96.2 43.7 98.0 93.2 9.3 3.2 13.4 10.5 98.6 53.5 61.0 82.0 59.4 17.8 95.2 74.2 55.8 35.4 22.6 4.8 32.1 37.7 13.7 70.5 19.1 29.6 68.6 34.0 0.4 4.6 50.2 65.0 55.1 21.1 65.4 71.9 65.9 10.6 65.4 91.1 29.3 34.6 38.9 13.0 87.7 37.4 69.5 67.8 87.4 39.0 9.4 18.6 42.5 53.9 46.9 63.9 99.2 38.9 5.1 55.8 83.5 38.9 0.6 33.8 64.2
58.6 8.4 0.7 19.4 32.9 36.9 41.6 31.5 78.0 12.9 18.8 82.4 34.1 61.2 36.1 9.9 43.6 29.3 95.6 72.1 74.8 94.2 10.5 26.1 97.7 33.2 50.2 49.8 18.4 22.3 65.1 29.5 33.8 29.0 32.4 24.8 94.6 29.3 53.3 90.6 44.6 93.1 54.8 3.0 93.8 29.3 22.8 10.4 24.7 28.4 41.6 70.4 52.1 78.5 13.3 29.8 25.3 10.6 58.7 52.8 8.4 45.2 76.5 39.4 54.4 61.7 4.2 65.3 67.6 12.1 31.4 52.9 79.3 56.5 20.2 93.3 36.1 12.4 58.9 9.0 60.7 91.5 90.9 37.2 46.3 43.1 26.2 50.2 11.0 39.6 33.6 6.4 63.1 95.8 10.6 77.0 90.5 71.4 23.2 95.7
19.4 33.0 0.0 62.9 72.0 76.6 33.8 70.1 43.4 44.7 37.2 27.1 50.9 57.3 26.7 99.6 70.7 30.5 5.0 16.1 4.3 52.8 74.4 61.8 41.6 69.9 30.8 35.5 60.2 97.2 78.1 55.8 76.7 12.2 48.9 85.9 70.3 81.4 48.6 67.0 31.9 89.1 0.3 37.0 79.0 19.6 88.4 90.5 38.6 11.0 62.7 25.1 47.2 87.7 22.4 8.1 79.4 96.8 23.4 72.4 23.8 42.5 42.5 55.7 70.2 47.6 81.3 22.5 57.0 27.0 97.3 1.5 23.4 69.2 95.2 86.4 22.3 45.4 12.5 56.8 36.6 10.3 30.4 21.3 54.2 68.7 84.2 14.0 69.1 30.7 93.6 38.7 56.3 18.3 98.7 49.2 4.6 39.4 41.1 21.2
57.0 29.7 62.0 86.0 8.8 98.1 13.5 53.1 5.6 8.5 13.3 91.0 77.4 58.7 32.4 65.1 0.1 32.0 53.9 45.6 24.2 89.2 11.4 93.0 6.9 11.6 35.4 40.4 36.6 57.7 51.4 61.3 67.2 45.5 83.9 42.2 90.1 16.5 22.7 99.3 4.6 78.2 28.2 91.8 67.0 72.9 39.5 74.7 51.7 31.1 5.6 46.0 32.0 42.3 85.4 63.9 23.5 14.7 2.9 81.0 70.7 91.5 35.5 88.4 9.5 70.2 40.6 77.5 50.0 84.0 39.7 46.8 15.0 62.5 15.2 52.0 49.9 52.1 33.1 99.3 13.1 59.4 97.4 70.8 78.2 80.3 56.7 95.4 14.8 57.4 83.3 5.6 12.2 97.4 47.2 79.8 14.5 26.5 97.0 57.7
55.5 61.0 33.1 92.3 53.6 73.3 47.3 60.0 10.0 62.8 43.4 98.1 74.2 9.4 52.2 98.7 94.0 84.4 60.8 73.1 0.1 60.1 87.7 64.0 11.1 45.2 25.5 75.9 50.0 63.6 87.2 29.2 12.9 18.9 75.1 65.8 77.3 48.9 24.6 59.3 80.3 27.9 94.7 7.1 45.2 21.6 13.8 49.2 16.8 57.3 62.9 45.3 18.4 42.1 19.2 20.2 15.9 95.5 25.3 7.4 42.9 36.2 48.1 32.8 3.3 48.5 65.0 8.8 44.8 35.6 29.4 36.2 25.5 74.2 70.6 49.8 87.3 59.1 42.4 30.8 57.8 44.2 87.7 56.0 98.4 59.4 10.5 80.9 6.2 46.6 72.6 54.8 29.5 46.3 26.3 32.1 92.4 83.1 57.6 70.4
19.8 42.0 90.4 63.7 25.3 26.7 54.3 58.5 49.5 85.6 89.4 80.1 6.9 35.6 80.3 97.3 82.3 68.5 33.1 71.0 77.1 38.8 20.1 26.1 88.4 55.5 81.8 78.1 34.5 15.7 11.0 71.2 47.4 80.5 3.6 8.0 75.7 33.7 28.2 53.1 93.3 57.2 39.0 2.6 4.5 56.3 69.5 1.6 64.5 70.1 81.1 51.6 62.5 37.2 64.0 86.8 97.8 52.8 43.6 19.7 41.5 88.9 50.9 83.8 27.1 21.6 93.5 4.4 64.0 39.6 68.2 12.7 51.1 75.3 14.9 94.6 2.3 15.7 73.5 54.4 87.3 55.5 79.8 76.4 46.9 36.7 77.4 67.7 26.3 25.3 12.0 50.5 92.1 40.7 78.8 76.6 26.7 64.5 74.7 3.4